Broker,Cloudlet ID,VM ID,Execution Time,Start Time,Finish Time,CPU Utilization Start,CPU Utilization Finish
DatacenterBrokerSimple,0,0,21,0,22,1,1
DatacenterBrokerSimple,1,0,29,22,51,1,1
DatacenterBrokerSimple,2,0,21,51,73,1,1
DatacenterBrokerSimple,3,0,28,73,101,1,1
DatacenterBrokerSimple,4,0,30,101,130,1,1
DatacenterBrokerSimple,5,0,20,131,151,1,1
DatacenterBrokerSimple,6,0,29,151,180,1,1
DatacenterBrokerSimple,7,0,23,180,203,1,1
DatacenterBrokerSimple,8,0,24,203,227,1,1
DatacenterBrokerSimple,9,0,29,227,256,1,1
DatacenterBrokerSimple,10,0,23,256,279,1,1
DatacenterBrokerSimple,11,0,28,279,307,1,1
DatacenterBrokerSimple,12,0,28,307,335,1,1
DatacenterBrokerSimple,13,0,29,335,364,1,1
DatacenterBrokerSimple,14,0,27,364,391,1,1
DatacenterBrokerSimple,15,0,28,391,419,1,1
DatacenterBrokerSimple,16,0,28,419,447,1,1
DatacenterBrokerSimple,17,0,26,447,474,1,1
DatacenterBrokerSimple,18,0,23,474,497,1,1
DatacenterBrokerSimple,19,0,24,497,521,1,1
DatacenterBrokerSimple,20,0,29,521,550,1,1
DatacenterBrokerSimple,21,0,22,550,572,1,1
DatacenterBrokerSimple,22,0,29,572,601,1,1
DatacenterBrokerSimple,23,0,29,601,631,1,1
DatacenterBrokerSimple,24,0,28,631,659,1,1
DatacenterBrokerSimple,25,0,22,659,681,1,1
DatacenterBrokerSimple,26,0,28,681,709,1,1
DatacenterBrokerSimple,27,0,29,709,738,1,1
DatacenterBrokerSimple,28,0,22,738,760,1,1
DatacenterBrokerSimple,29,0,24,760,784,1,1
DatacenterBrokerSimple,30,0,28,785,812,1,1
DatacenterBrokerSimple,31,0,28,812,841,1,1
DatacenterBrokerSimple,32,0,21,841,862,1,1
DatacenterBrokerSimple,33,0,22,862,885,1,1
DatacenterBrokerSimple,34,0,25,885,910,1,1
DatacenterBrokerSimple,35,0,29,910,939,1,1
DatacenterBrokerSimple,36,0,22,939,961,1,1
DatacenterBrokerSimple,37,0,28,961,990,1,1
DatacenterBrokerSimple,38,0,30,990,1020,1,1
DatacenterBrokerSimple,39,0,24,1020,1044,1,1
DatacenterBrokerSimple,40,0,23,1044,1067,1,1
DatacenterBrokerSimple,41,0,30,1067,1097,1,1
DatacenterBrokerSimple,42,0,29,1097,1126,1,1
DatacenterBrokerSimple,43,0,24,1126,1150,1,1
DatacenterBrokerSimple,44,0,27,1150,1177,1,1
DatacenterBrokerSimple,45,0,24,1177,1201,1,1
DatacenterBrokerSimple,46,0,21,1201,1222,1,1
DatacenterBrokerSimple,47,0,23,1222,1245,1,1
DatacenterBrokerSimple,48,0,22,1245,1268,1,1
DatacenterBrokerSimple,49,0,21,1268,1289,1,1
DatacenterBrokerSimple,50,0,29,1289,1318,1,1
DatacenterBrokerSimple,51,0,22,1318,1339,1,1
DatacenterBrokerSimple,52,0,21,1339,1360,1,1
DatacenterBrokerSimple,53,0,27,1360,1387,1,1
DatacenterBrokerSimple,54,0,23,1387,1411,1,1
DatacenterBrokerSimple,55,0,30,1411,1440,1,1
DatacenterBrokerSimple,56,0,23,1440,1464,1,1
DatacenterBrokerSimple,57,0,28,1464,1492,1,1
DatacenterBrokerSimple,58,0,21,1492,1513,1,1
DatacenterBrokerSimple,59,0,24,1513,1536,1,1
DatacenterBrokerSimple,60,0,20,1537,1557,1,1
DatacenterBrokerSimple,61,0,24,1557,1581,1,1
DatacenterBrokerSimple,62,0,27,1581,1609,1,1
DatacenterBrokerSimple,63,0,25,1609,1633,1,1
DatacenterBrokerSimple,64,0,28,1633,1662,1,1
DatacenterBrokerSimple,65,0,26,1662,1687,1,1
DatacenterBrokerSimple,66,0,20,1687,1708,1,1
DatacenterBrokerSimple,67,0,23,1708,1731,1,1
DatacenterBrokerSimple,68,0,25,1731,1756,1,1
DatacenterBrokerSimple,69,0,27,1756,1783,1,1
DatacenterBrokerSimple,70,0,20,1783,1803,1,1
DatacenterBrokerSimple,71,0,25,1804,1829,1,1
DatacenterBrokerSimple,72,0,30,1829,1858,1,1
DatacenterBrokerSimple,73,0,28,1858,1887,1,1
DatacenterBrokerSimple,74,0,30,1887,1916,1,1
DatacenterBrokerSimple,75,0,25,1917,1941,1,1
DatacenterBrokerSimple,76,0,22,1941,1963,1,1
DatacenterBrokerSimple,77,0,25,1964,1988,1,1
DatacenterBrokerSimple,78,0,23,1989,2012,1,1
DatacenterBrokerSimple,79,0,20,2012,2032,1,1
DatacenterBrokerSimple,80,0,22,2032,2054,1,1
DatacenterBrokerSimple,81,0,23,2054,2078,1,1
DatacenterBrokerSimple,82,0,22,2078,2100,1,1
DatacenterBrokerSimple,83,0,28,2100,2129,1,1
DatacenterBrokerSimple,84,0,26,2129,2155,1,1
DatacenterBrokerSimple,85,0,20,2155,2175,1,1
DatacenterBrokerSimple,86,0,28,2175,2203,1,1
DatacenterBrokerSimple,87,0,23,2204,2227,1,1
DatacenterBrokerSimple,88,0,27,2227,2254,1,1
DatacenterBrokerSimple,89,0,23,2254,2277,1,1
DatacenterBrokerSimple,90,0,28,2277,2305,1,1
DatacenterBrokerSimple,91,0,29,2305,2335,1,1
DatacenterBrokerSimple,92,0,29,2335,2364,1,1
DatacenterBrokerSimple,93,0,24,2364,2388,1,1
DatacenterBrokerSimple,94,0,25,2388,2414,1,1
DatacenterBrokerSimple,95,0,21,2414,2434,1,1
DatacenterBrokerSimple,96,0,29,2434,2463,1,1
DatacenterBrokerSimple,97,0,23,2463,2486,1,1
DatacenterBrokerSimple,98,0,23,2486,2509,1,1
DatacenterBrokerSimple,99,0,24,2509,2533,1,1
DatacenterBrokerPSO,0,0,21,0,22,1,1
DatacenterBrokerPSO,1,0,29,22,51,1,1
DatacenterBrokerPSO,2,0,21,51,73,1,1
DatacenterBrokerPSO,3,0,28,73,101,1,1
DatacenterBrokerPSO,4,0,30,101,130,1,1
DatacenterBrokerPSO,5,0,20,131,151,1,1
DatacenterBrokerPSO,6,0,29,151,180,1,1
DatacenterBrokerPSO,7,0,23,180,203,1,1
DatacenterBrokerPSO,8,0,24,203,227,1,1
DatacenterBrokerPSO,9,0,29,227,256,1,1
DatacenterBrokerPSO,10,0,23,256,279,1,1
DatacenterBrokerPSO,11,0,28,279,307,1,1
DatacenterBrokerPSO,12,0,28,307,335,1,1
DatacenterBrokerPSO,13,0,29,335,364,1,1
DatacenterBrokerPSO,14,0,27,364,391,1,1
DatacenterBrokerPSO,15,0,28,391,419,1,1
DatacenterBrokerPSO,16,0,28,419,447,1,1
DatacenterBrokerPSO,17,0,26,447,474,1,1
DatacenterBrokerPSO,18,0,23,474,497,1,1
DatacenterBrokerPSO,19,0,24,497,521,1,1
DatacenterBrokerPSO,20,0,29,521,550,1,1
DatacenterBrokerPSO,21,0,22,550,572,1,1
DatacenterBrokerPSO,22,0,29,572,601,1,1
DatacenterBrokerPSO,23,0,29,601,631,1,1
DatacenterBrokerPSO,24,0,28,631,659,1,1
DatacenterBrokerPSO,25,0,22,659,681,1,1
DatacenterBrokerPSO,26,0,28,681,709,1,1
DatacenterBrokerPSO,27,0,29,709,738,1,1
DatacenterBrokerPSO,28,0,22,738,760,1,1
DatacenterBrokerPSO,29,0,24,760,784,1,1
DatacenterBrokerPSO,30,0,28,785,812,1,1
DatacenterBrokerPSO,31,0,28,812,841,1,1
DatacenterBrokerPSO,32,0,21,841,862,1,1
DatacenterBrokerPSO,33,0,22,862,885,1,1
DatacenterBrokerPSO,34,0,25,885,910,1,1
DatacenterBrokerPSO,35,0,29,910,939,1,1
DatacenterBrokerPSO,36,0,22,939,961,1,1
DatacenterBrokerPSO,37,0,28,961,990,1,1
DatacenterBrokerPSO,38,0,30,990,1020,1,1
DatacenterBrokerPSO,39,0,24,1020,1044,1,1
DatacenterBrokerPSO,40,0,23,1044,1067,1,1
DatacenterBrokerPSO,41,0,30,1067,1097,1,1
DatacenterBrokerPSO,42,0,29,1097,1126,1,1
DatacenterBrokerPSO,43,0,24,1126,1150,1,1
DatacenterBrokerPSO,44,0,27,1150,1177,1,1
DatacenterBrokerPSO,45,0,24,1177,1201,1,1
DatacenterBrokerPSO,46,0,21,1201,1222,1,1
DatacenterBrokerPSO,47,0,23,1222,1245,1,1
DatacenterBrokerPSO,48,0,22,1245,1268,1,1
DatacenterBrokerPSO,49,0,21,1268,1289,1,1
DatacenterBrokerPSO,50,0,29,1289,1318,1,1
DatacenterBrokerPSO,51,0,22,1318,1339,1,1
DatacenterBrokerPSO,52,0,21,1339,1360,1,1
DatacenterBrokerPSO,53,0,27,1360,1387,1,1
DatacenterBrokerPSO,54,0,23,1387,1411,1,1
DatacenterBrokerPSO,55,0,30,1411,1440,1,1
DatacenterBrokerPSO,56,0,23,1440,1464,1,1
DatacenterBrokerPSO,57,0,28,1464,1492,1,1
DatacenterBrokerPSO,58,0,21,1492,1513,1,1
DatacenterBrokerPSO,59,0,24,1513,1536,1,1
DatacenterBrokerPSO,60,0,20,1537,1557,1,1
DatacenterBrokerPSO,61,0,24,1557,1581,1,1
DatacenterBrokerPSO,62,0,27,1581,1609,1,1
DatacenterBrokerPSO,63,0,25,1609,1633,1,1
DatacenterBrokerPSO,64,0,28,1633,1662,1,1
DatacenterBrokerPSO,65,0,26,1662,1687,1,1
DatacenterBrokerPSO,66,0,20,1687,1708,1,1
DatacenterBrokerPSO,67,0,23,1708,1731,1,1
DatacenterBrokerPSO,68,0,25,1731,1756,1,1
DatacenterBrokerPSO,69,0,27,1756,1783,1,1
DatacenterBrokerPSO,70,0,20,1783,1803,1,1
DatacenterBrokerPSO,71,0,25,1804,1829,1,1
DatacenterBrokerPSO,72,0,30,1829,1858,1,1
DatacenterBrokerPSO,73,0,28,1858,1887,1,1
DatacenterBrokerPSO,74,0,30,1887,1916,1,1
DatacenterBrokerPSO,75,0,25,1917,1941,1,1
DatacenterBrokerPSO,76,0,22,1941,1963,1,1
DatacenterBrokerPSO,77,0,25,1964,1988,1,1
DatacenterBrokerPSO,78,0,23,1989,2012,1,1
DatacenterBrokerPSO,79,0,20,2012,2032,1,1
DatacenterBrokerPSO,80,0,22,2032,2054,1,1
DatacenterBrokerPSO,81,0,23,2054,2078,1,1
DatacenterBrokerPSO,82,0,22,2078,2100,1,1
DatacenterBrokerPSO,83,0,28,2100,2129,1,1
DatacenterBrokerPSO,84,0,26,2129,2155,1,1
DatacenterBrokerPSO,85,0,20,2155,2175,1,1
DatacenterBrokerPSO,86,0,28,2175,2203,1,1
DatacenterBrokerPSO,87,0,23,2204,2227,1,1
DatacenterBrokerPSO,88,0,27,2227,2254,1,1
DatacenterBrokerPSO,89,0,23,2254,2277,1,1
DatacenterBrokerPSO,90,0,28,2277,2305,1,1
DatacenterBrokerPSO,91,0,29,2305,2335,1,1
DatacenterBrokerPSO,92,0,29,2335,2364,1,1
DatacenterBrokerPSO,93,0,24,2364,2388,1,1
DatacenterBrokerPSO,94,0,25,2388,2414,1,1
DatacenterBrokerPSO,95,0,21,2414,2434,1,1
DatacenterBrokerPSO,96,0,29,2434,2463,1,1
DatacenterBrokerPSO,97,0,23,2463,2486,1,1
DatacenterBrokerPSO,98,0,23,2486,2509,1,1
DatacenterBrokerPSO,99,0,24,2509,2533,1,1
DatacenterBrokerHeuristic,0,0,21,0,22,1,1
DatacenterBrokerHeuristic,1,0,29,22,51,1,1
DatacenterBrokerHeuristic,2,0,21,51,73,1,1
DatacenterBrokerHeuristic,3,0,28,73,101,1,1
DatacenterBrokerHeuristic,4,0,30,101,130,1,1
DatacenterBrokerHeuristic,5,0,20,131,151,1,1
DatacenterBrokerHeuristic,6,0,29,151,180,1,1
DatacenterBrokerHeuristic,7,0,23,180,203,1,1
DatacenterBrokerHeuristic,8,0,24,203,227,1,1
DatacenterBrokerHeuristic,9,0,29,227,256,1,1
DatacenterBrokerHeuristic,10,0,23,256,279,1,1
DatacenterBrokerHeuristic,11,0,28,279,307,1,1
DatacenterBrokerHeuristic,12,0,28,307,335,1,1
DatacenterBrokerHeuristic,13,0,29,335,364,1,1
DatacenterBrokerHeuristic,14,0,27,364,391,1,1
DatacenterBrokerHeuristic,15,0,28,391,419,1,1
DatacenterBrokerHeuristic,16,0,28,419,447,1,1
DatacenterBrokerHeuristic,17,0,26,447,474,1,1
DatacenterBrokerHeuristic,18,0,23,474,497,1,1
DatacenterBrokerHeuristic,19,0,24,497,521,1,1
DatacenterBrokerHeuristic,20,0,29,521,550,1,1
DatacenterBrokerHeuristic,21,0,22,550,572,1,1
DatacenterBrokerHeuristic,22,0,29,572,601,1,1
DatacenterBrokerHeuristic,23,0,29,601,631,1,1
DatacenterBrokerHeuristic,24,0,28,631,659,1,1
DatacenterBrokerHeuristic,25,0,22,659,681,1,1
DatacenterBrokerHeuristic,26,0,28,681,709,1,1
DatacenterBrokerHeuristic,27,0,29,709,738,1,1
DatacenterBrokerHeuristic,28,0,22,738,760,1,1
DatacenterBrokerHeuristic,29,0,24,760,784,1,1
DatacenterBrokerHeuristic,30,0,28,785,812,1,1
DatacenterBrokerHeuristic,31,0,28,812,841,1,1
DatacenterBrokerHeuristic,32,0,21,841,862,1,1
DatacenterBrokerHeuristic,33,0,22,862,885,1,1
DatacenterBrokerHeuristic,34,0,25,885,910,1,1
DatacenterBrokerHeuristic,35,0,29,910,939,1,1
DatacenterBrokerHeuristic,36,0,22,939,961,1,1
DatacenterBrokerHeuristic,37,0,28,961,990,1,1
DatacenterBrokerHeuristic,38,0,30,990,1020,1,1
DatacenterBrokerHeuristic,39,0,24,1020,1044,1,1
DatacenterBrokerHeuristic,40,0,23,1044,1067,1,1
DatacenterBrokerHeuristic,41,0,30,1067,1097,1,1
DatacenterBrokerHeuristic,42,0,29,1097,1126,1,1
DatacenterBrokerHeuristic,43,0,24,1126,1150,1,1
DatacenterBrokerHeuristic,44,0,27,1150,1177,1,1
DatacenterBrokerHeuristic,45,0,24,1177,1201,1,1
DatacenterBrokerHeuristic,46,0,21,1201,1222,1,1
DatacenterBrokerHeuristic,47,0,23,1222,1245,1,1
DatacenterBrokerHeuristic,48,0,22,1245,1268,1,1
DatacenterBrokerHeuristic,49,0,21,1268,1289,1,1
DatacenterBrokerHeuristic,50,0,29,1289,1318,1,1
DatacenterBrokerHeuristic,51,0,22,1318,1339,1,1
DatacenterBrokerHeuristic,52,0,21,1339,1360,1,1
DatacenterBrokerHeuristic,53,0,27,1360,1387,1,1
DatacenterBrokerHeuristic,54,0,23,1387,1411,1,1
DatacenterBrokerHeuristic,55,0,30,1411,1440,1,1
DatacenterBrokerHeuristic,56,0,23,1440,1464,1,1
DatacenterBrokerHeuristic,57,0,28,1464,1492,1,1
DatacenterBrokerHeuristic,58,0,21,1492,1513,1,1
DatacenterBrokerHeuristic,59,0,24,1513,1536,1,1
DatacenterBrokerHeuristic,60,0,20,1537,1557,1,1
DatacenterBrokerHeuristic,61,0,24,1557,1581,1,1
DatacenterBrokerHeuristic,62,0,27,1581,1609,1,1
DatacenterBrokerHeuristic,63,0,25,1609,1633,1,1
DatacenterBrokerHeuristic,64,0,28,1633,1662,1,1
DatacenterBrokerHeuristic,65,0,26,1662,1687,1,1
DatacenterBrokerHeuristic,66,0,20,1687,1708,1,1
DatacenterBrokerHeuristic,67,0,23,1708,1731,1,1
DatacenterBrokerHeuristic,68,0,25,1731,1756,1,1
DatacenterBrokerHeuristic,69,0,27,1756,1783,1,1
DatacenterBrokerHeuristic,70,0,20,1783,1803,1,1
DatacenterBrokerHeuristic,71,0,25,1804,1829,1,1
DatacenterBrokerHeuristic,72,0,30,1829,1858,1,1
DatacenterBrokerHeuristic,73,0,28,1858,1887,1,1
DatacenterBrokerHeuristic,74,0,30,1887,1916,1,1
DatacenterBrokerHeuristic,75,0,25,1917,1941,1,1
DatacenterBrokerHeuristic,76,0,22,1941,1963,1,1
DatacenterBrokerHeuristic,77,0,25,1964,1988,1,1
DatacenterBrokerHeuristic,78,0,23,1989,2012,1,1
DatacenterBrokerHeuristic,79,0,20,2012,2032,1,1
DatacenterBrokerHeuristic,80,0,22,2032,2054,1,1
DatacenterBrokerHeuristic,81,0,23,2054,2078,1,1
DatacenterBrokerHeuristic,82,0,22,2078,2100,1,1
DatacenterBrokerHeuristic,83,0,28,2100,2129,1,1
DatacenterBrokerHeuristic,84,0,26,2129,2155,1,1
DatacenterBrokerHeuristic,85,0,20,2155,2175,1,1
DatacenterBrokerHeuristic,86,0,28,2175,2203,1,1
DatacenterBrokerHeuristic,87,0,23,2204,2227,1,1
DatacenterBrokerHeuristic,88,0,27,2227,2254,1,1
DatacenterBrokerHeuristic,89,0,23,2254,2277,1,1
DatacenterBrokerHeuristic,90,0,28,2277,2305,1,1
DatacenterBrokerHeuristic,91,0,29,2305,2335,1,1
DatacenterBrokerHeuristic,92,0,29,2335,2364,1,1
DatacenterBrokerHeuristic,93,0,24,2364,2388,1,1
DatacenterBrokerHeuristic,94,0,25,2388,2414,1,1
DatacenterBrokerHeuristic,95,0,21,2414,2434,1,1
DatacenterBrokerHeuristic,96,0,29,2434,2463,1,1
DatacenterBrokerHeuristic,97,0,23,2463,2486,1,1
DatacenterBrokerHeuristic,98,0,23,2486,2509,1,1
DatacenterBrokerHeuristic,99,0,24,2509,2533,1,1
