Broker,Cloudlet ID,VM ID,Execution Time,Start Time,Finish Time,CPU Utilization Start,CPU Utilization Finish
DatacenterBrokerSimple,0,0,21,0,22,1,1
DatacenterBrokerSimple,1,0,29,22,51,1,1
DatacenterBrokerSimple,2,0,21,51,73,1,1
DatacenterBrokerSimple,3,0,28,73,101,1,1
DatacenterBrokerSimple,4,0,30,101,130,1,1
DatacenterBrokerSimple,5,0,20,131,151,1,1
DatacenterBrokerSimple,6,0,29,151,180,1,1
DatacenterBrokerSimple,7,0,23,180,203,1,1
DatacenterBrokerSimple,8,0,24,203,227,1,1
DatacenterBrokerSimple,9,0,29,227,256,1,1
DatacenterBrokerSimple,10,0,23,256,279,1,1
DatacenterBrokerSimple,11,0,28,279,307,1,1
DatacenterBrokerSimple,12,0,28,307,335,1,1
DatacenterBrokerSimple,13,0,29,335,364,1,1
DatacenterBrokerSimple,14,0,27,364,391,1,1
DatacenterBrokerSimple,15,0,28,391,419,1,1
DatacenterBrokerSimple,16,0,28,419,447,1,1
DatacenterBrokerSimple,17,0,26,447,474,1,1
DatacenterBrokerSimple,18,0,23,474,497,1,1
DatacenterBrokerSimple,19,0,24,497,521,1,1
DatacenterBrokerSimple,20,0,29,521,550,1,1
DatacenterBrokerSimple,21,0,22,550,572,1,1
DatacenterBrokerSimple,22,0,29,572,601,1,1
DatacenterBrokerSimple,23,0,29,601,631,1,1
DatacenterBrokerSimple,24,0,28,631,659,1,1
DatacenterBrokerSimple,25,0,22,659,681,1,1
DatacenterBrokerSimple,26,0,28,681,709,1,1
DatacenterBrokerSimple,27,0,29,709,738,1,1
DatacenterBrokerSimple,28,0,22,738,760,1,1
DatacenterBrokerSimple,29,0,24,760,784,1,1
DatacenterBrokerSimple,30,0,28,785,812,1,1
DatacenterBrokerSimple,31,0,28,812,841,1,1
DatacenterBrokerSimple,32,0,21,841,862,1,1
DatacenterBrokerSimple,33,0,22,862,885,1,1
DatacenterBrokerSimple,34,0,25,885,910,1,1
DatacenterBrokerSimple,35,0,29,910,939,1,1
DatacenterBrokerSimple,36,0,22,939,961,1,1
DatacenterBrokerSimple,37,0,28,961,990,1,1
DatacenterBrokerSimple,38,0,30,990,1020,1,1
DatacenterBrokerSimple,39,0,24,1020,1044,1,1
DatacenterBrokerSimple,40,0,23,1044,1067,1,1
DatacenterBrokerSimple,41,0,30,1067,1097,1,1
DatacenterBrokerSimple,42,0,29,1097,1126,1,1
DatacenterBrokerSimple,43,0,24,1126,1150,1,1
DatacenterBrokerSimple,44,0,27,1150,1177,1,1
DatacenterBrokerSimple,45,0,24,1177,1201,1,1
DatacenterBrokerSimple,46,0,21,1201,1222,1,1
DatacenterBrokerSimple,47,0,23,1222,1245,1,1
DatacenterBrokerSimple,48,0,22,1245,1268,1,1
DatacenterBrokerSimple,49,0,21,1268,1289,1,1
DatacenterBrokerPSO,0,0,21,0,22,1,1
DatacenterBrokerPSO,1,0,29,22,51,1,1
DatacenterBrokerPSO,2,0,21,51,73,1,1
DatacenterBrokerPSO,3,0,28,73,101,1,1
DatacenterBrokerPSO,4,0,30,101,130,1,1
DatacenterBrokerPSO,5,0,20,131,151,1,1
DatacenterBrokerPSO,6,0,29,151,180,1,1
DatacenterBrokerPSO,7,0,23,180,203,1,1
DatacenterBrokerPSO,8,0,24,203,227,1,1
DatacenterBrokerPSO,9,0,29,227,256,1,1
DatacenterBrokerPSO,10,0,23,256,279,1,1
DatacenterBrokerPSO,11,0,28,279,307,1,1
DatacenterBrokerPSO,12,0,28,307,335,1,1
DatacenterBrokerPSO,13,0,29,335,364,1,1
DatacenterBrokerPSO,14,0,27,364,391,1,1
DatacenterBrokerPSO,15,0,28,391,419,1,1
DatacenterBrokerPSO,16,0,28,419,447,1,1
DatacenterBrokerPSO,17,0,26,447,474,1,1
DatacenterBrokerPSO,18,0,23,474,497,1,1
DatacenterBrokerPSO,19,0,24,497,521,1,1
DatacenterBrokerPSO,20,0,29,521,550,1,1
DatacenterBrokerPSO,21,0,22,550,572,1,1
DatacenterBrokerPSO,22,0,29,572,601,1,1
DatacenterBrokerPSO,23,0,29,601,631,1,1
DatacenterBrokerPSO,24,0,28,631,659,1,1
DatacenterBrokerPSO,25,0,22,659,681,1,1
DatacenterBrokerPSO,26,0,28,681,709,1,1
DatacenterBrokerPSO,27,0,29,709,738,1,1
DatacenterBrokerPSO,28,0,22,738,760,1,1
DatacenterBrokerPSO,29,0,24,760,784,1,1
DatacenterBrokerPSO,30,0,28,785,812,1,1
DatacenterBrokerPSO,31,0,28,812,841,1,1
DatacenterBrokerPSO,32,0,21,841,862,1,1
DatacenterBrokerPSO,33,0,22,862,885,1,1
DatacenterBrokerPSO,34,0,25,885,910,1,1
DatacenterBrokerPSO,35,0,29,910,939,1,1
DatacenterBrokerPSO,36,0,22,939,961,1,1
DatacenterBrokerPSO,37,0,28,961,990,1,1
DatacenterBrokerPSO,38,0,30,990,1020,1,1
DatacenterBrokerPSO,39,0,24,1020,1044,1,1
DatacenterBrokerPSO,40,0,23,1044,1067,1,1
DatacenterBrokerPSO,41,0,30,1067,1097,1,1
DatacenterBrokerPSO,42,0,29,1097,1126,1,1
DatacenterBrokerPSO,43,0,24,1126,1150,1,1
DatacenterBrokerPSO,44,0,27,1150,1177,1,1
DatacenterBrokerPSO,45,0,24,1177,1201,1,1
DatacenterBrokerPSO,46,0,21,1201,1222,1,1
DatacenterBrokerPSO,47,0,23,1222,1245,1,1
DatacenterBrokerPSO,48,0,22,1245,1268,1,1
DatacenterBrokerPSO,49,0,21,1268,1289,1,1
DatacenterBrokerHeuristic,0,0,21,0,22,1,1
DatacenterBrokerHeuristic,1,0,29,22,51,1,1
DatacenterBrokerHeuristic,2,0,21,51,73,1,1
DatacenterBrokerHeuristic,3,0,28,73,101,1,1
DatacenterBrokerHeuristic,4,0,30,101,130,1,1
DatacenterBrokerHeuristic,5,0,20,131,151,1,1
DatacenterBrokerHeuristic,6,0,29,151,180,1,1
DatacenterBrokerHeuristic,7,0,23,180,203,1,1
DatacenterBrokerHeuristic,8,0,24,203,227,1,1
DatacenterBrokerHeuristic,9,0,29,227,256,1,1
DatacenterBrokerHeuristic,10,0,23,256,279,1,1
DatacenterBrokerHeuristic,11,0,28,279,307,1,1
DatacenterBrokerHeuristic,12,0,28,307,335,1,1
DatacenterBrokerHeuristic,13,0,29,335,364,1,1
DatacenterBrokerHeuristic,14,0,27,364,391,1,1
DatacenterBrokerHeuristic,15,0,28,391,419,1,1
DatacenterBrokerHeuristic,16,0,28,419,447,1,1
DatacenterBrokerHeuristic,17,0,26,447,474,1,1
DatacenterBrokerHeuristic,18,0,23,474,497,1,1
DatacenterBrokerHeuristic,19,0,24,497,521,1,1
DatacenterBrokerHeuristic,20,0,29,521,550,1,1
DatacenterBrokerHeuristic,21,0,22,550,572,1,1
DatacenterBrokerHeuristic,22,0,29,572,601,1,1
DatacenterBrokerHeuristic,23,0,29,601,631,1,1
DatacenterBrokerHeuristic,24,0,28,631,659,1,1
DatacenterBrokerHeuristic,25,0,22,659,681,1,1
DatacenterBrokerHeuristic,26,0,28,681,709,1,1
DatacenterBrokerHeuristic,27,0,29,709,738,1,1
DatacenterBrokerHeuristic,28,0,22,738,760,1,1
DatacenterBrokerHeuristic,29,0,24,760,784,1,1
DatacenterBrokerHeuristic,30,0,28,785,812,1,1
DatacenterBrokerHeuristic,31,0,28,812,841,1,1
DatacenterBrokerHeuristic,32,0,21,841,862,1,1
DatacenterBrokerHeuristic,33,0,22,862,885,1,1
DatacenterBrokerHeuristic,34,0,25,885,910,1,1
DatacenterBrokerHeuristic,35,0,29,910,939,1,1
DatacenterBrokerHeuristic,36,0,22,939,961,1,1
DatacenterBrokerHeuristic,37,0,28,961,990,1,1
DatacenterBrokerHeuristic,38,0,30,990,1020,1,1
DatacenterBrokerHeuristic,39,0,24,1020,1044,1,1
DatacenterBrokerHeuristic,40,0,23,1044,1067,1,1
DatacenterBrokerHeuristic,41,0,30,1067,1097,1,1
DatacenterBrokerHeuristic,42,0,29,1097,1126,1,1
DatacenterBrokerHeuristic,43,0,24,1126,1150,1,1
DatacenterBrokerHeuristic,44,0,27,1150,1177,1,1
DatacenterBrokerHeuristic,45,0,24,1177,1201,1,1
DatacenterBrokerHeuristic,46,0,21,1201,1222,1,1
DatacenterBrokerHeuristic,47,0,23,1222,1245,1,1
DatacenterBrokerHeuristic,48,0,22,1245,1268,1,1
DatacenterBrokerHeuristic,49,0,21,1268,1289,1,1
